133.00 230.00
120.00 270.00
118.00 298.00
125.00 347.00
148.00 388.00
170.00 430.00
229.00 461.00
286.00 485.00
357.00 488.00
441.00 472.00
516.00 445.00
549.00 400.00
577.00 350.00
591.00 313.00
586.00 277.00
583.00 257.00
566.00 230.00
210.00 242.00
240.00 231.00
281.00 225.00
313.00 235.00
348.00 263.00
404.50 228.96
435.82 219.50
468.51 223.12
496.42 241.88
511.02 271.21
363.00 316.00
374.00 323.00
381.00 333.00
381.00 341.00
368.00 356.00
346.00 360.00
329.00 351.00
332.00 323.00
353.00 315.00
262.00 316.00
259.00 336.00
273.00 340.00
289.00 328.00
278.00 313.00
264.00 311.00
446.00 338.00
418.00 333.00
423.00 314.00
435.96 311.40
447.00 313.00
449.00 327.00
289.00 399.00
295.00 380.00
312.00 371.00
349.00 378.00
389.00 371.00
401.00 377.00
412.00 394.00
409.00 408.00
387.00 431.00
350.00 437.00
328.00 434.00
305.00 425.00
292.00 401.00
333.00 380.00
349.00 381.00
378.00 379.00
408.00 407.00
390.00 432.00
351.00 432.00
309.00 423.00
-5000.00 -5000.00
-5000.00 235.00
-5000.00 471.00
-5000.00 705.00
-5000.00 5943.00
335.00 5943.00
5671.00 5943.00
5671.00 471.00
5671.00 -5000.00
167.00 -5000.00
335.00 -5000.00
501.00 -5000.00
