24 46 45
46 24 25
17 1 0
1 17 2
0 57 56
57 0 1
2 36 3
36 2 17
57 1 2
57 2 3
4 58 3
58 4 5
4 3 37
5 37 48
37 5 4
3 58 57
3 36 37
5 59 58
59 5 6
6 5 48
35 32 34
32 35 31
59 6 7
7 6 55
17 41 36
41 17 18
7 61 59
61 7 8
8 7 54
27 31 35
31 27 28
59 61 60
8 9 61
9 8 53
63 10 11
10 63 9
61 9 62
10 9 52
44 22 45
22 44 21
9 63 62
11 10 42
24 45 23
63 11 12
12 11 47
26 16 15
16 26 25
63 12 13
13 12 26
26 14 13
14 26 15
63 14 64
14 63 13
34 32 33
64 14 15
65 0 56
0 65 18
15 16 64
17 0 18
19 40 41
40 19 20
19 41 18
19 18 65
66 22 20
22 66 23
66 19 65
19 66 20
28 44 29
44 28 27
22 21 20
21 44 27
20 21 40
54 50 51
50 54 49
67 23 66
23 67 24
22 23 45
67 16 24
16 67 64
16 25 24
47 11 42
25 26 46
26 12 47
21 27 35
31 28 30
30 28 29
30 43 51
43 30 29
42 10 52
51 43 52
52 43 42
31 30 51
50 32 31
32 50 49
54 7 55
49 33 32
33 49 48
6 48 55
40 21 34
34 33 39
40 34 39
34 21 35
36 38 37
38 36 40
39 33 38
37 38 48
38 33 48
39 38 40
40 36 41
42 43 47
43 29 44
43 44 45
43 45 47
45 46 47
46 26 47
48 49 55
49 54 55
50 31 51
51 53 54
53 51 52
9 53 52
53 8 54
