138.0000 150.0000 1.0000
130.0000 184.0000 1.0000
131.0000 210.0000 1.0000
155.0000 246.0000 1.0000
195.0000 267.0000 1.0000
241.0000 270.0000 1.0000
283.0000 267.0000 1.0000
326.0000 236.0000 1.0000
341.0000 204.0000 1.0000
341.0000 174.0000 1.0000
332.0000 159.0000 1.0000
322.0000 144.0000 1.0000
320.0000 142.0000 1.0000
386.0000 151.0000 1.0000
463.9760 195.4720 1.0000
462.1810 137.0870 1.0000
455.8990 80.5000 1.0000
165.5540 74.7370 1.0000
197.6730 58.6460 1.0000
234.0810 57.0750 1.0000
269.1460 66.7430 1.0000
298.4160 85.1400 1.0000
178.6100 88.0770 1.0000
201.1680 55.9780 1.0000
237.4800 43.0420 1.0000
276.9190 56.7650 1.0000
306.0930 88.0680 1.0000
171.4950 144.1590 1.0000
206.0020 225.0160 1.0000
238.9070 308.1570 1.0000
270.6710 388.2010 1.0000
250.1760 365.4650 1.0000
265.0020 359.7950 1.0000
283.2490 354.0550 1.0000
304.7570 337.5860 1.0000
332.2350 327.3310 1.0000
205.7980 93.4190 1.0000
222.1690 82.6220 1.0000
243.9300 84.7880 1.0000
269.2010 99.8970 1.0000
244.1050 97.8750 1.0000
222.2200 97.1410 1.0000
205.9850 106.0980 1.0000
221.2890 88.8570 1.0000
238.8110 86.3200 1.0000
257.7700 94.7550 1.0000
241.0780 96.5670 1.0000
223.7480 99.8040 1.0000
194.3700 177.3330 1.0000
244.0580 255.3930 1.0000
309.7800 341.9790 1.0000
323.4050 360.1930 1.0000
340.8470 369.9610 1.0000
348.5870 334.2100 1.0000
277.7800 235.5420 1.0000
324.1890 280.9060 1.0000
280.0430 324.0270 1.0000
255.3150 321.3870 1.0000
237.1320 302.5640 1.0000
205.6310 220.2740 1.0000
186.4030 192.5560 1.0000
262.8670 357.2860 1.0000
281.7420 376.5060 1.0000
298.2420 383.1950 1.0000
275.7360 259.7740 1.0000
287.2000 364.8410 1.0000
257.8340 367.6370 1.0000
236.7090 351.9530 1.0000
