-0.8000 -0.0025 -0.8557
-0.8540 0.2233 -0.8711
-0.7755 0.4294 -0.8871
-0.6871 0.5080 -0.8835
-0.6184 0.5472 -0.8138
-0.4613 0.6160 -0.6631
-0.1816 0.6945 -0.4768
0.0687 0.7190 -0.2967
0.2601 0.6896 -0.2114
0.4859 0.6258 -0.3033
0.6184 0.5521 -0.4839
0.7018 0.5080 -0.6684
0.7951 0.4344 -0.8159
0.8294 0.3951 -0.8807
0.8540 0.3460 -0.8824
0.8785 0.1939 -0.8666
0.8000 0.0025 -0.8501
-0.4172 0.0663 -0.0738
-0.3485 0.0270 0.0527
-0.2650 0.0172 0.1346
-0.2160 0.0123 0.1808
-0.1472 0.0025 0.1918
0.1620 0.0123 0.1986
0.2307 0.0074 0.1886
0.2896 0.0319 0.1452
0.3534 0.0221 0.0664
0.4172 0.0564 -0.0619
-0.0245 0.2577 0.1415
0.0245 0.2528 0.2018
0.0736 0.2626 0.2893
0.1178 0.2969 0.2894
0.0982 0.3264 0.0735
0.0589 0.3607 0.1024
-0.0540 0.3411 0.1173
-0.0883 0.3018 0.1016
-0.0785 0.2577 0.0713
-0.3190 0.2037 -0.0058
-0.3436 0.2724 0.0834
-0.3092 0.3166 0.0888
-0.2601 0.3215 0.0487
-0.2160 0.2429 0.0764
-0.3141 0.1988 0.0570
0.2994 0.3117 0.0574
0.2307 0.2626 0.0997
0.3043 0.1988 0.0966
0.3926 0.2675 0.0058
0.3681 0.3117 0.0661
0.3092 0.3166 0.0849
-0.0982 0.4540 -0.1399
-0.0098 0.4344 0.0106
0.0785 0.4491 0.1013
0.1129 0.4540 0.1112
0.1620 0.4540 0.1024
0.1914 0.4687 0.0080
0.1080 0.5276 -0.1486
0.0687 0.5423 -0.0193
0.0638 0.5276 0.0498
0.0000 0.5325 0.0609
-0.0834 0.5325 0.0515
-0.1816 0.4589 -0.0166
0.1423 0.4785 -0.1429
0.1080 0.4540 0.0396
0.0049 0.4393 0.0642
-0.0589 0.4540 0.0391
-0.1472 0.4687 -0.1528
-0.0883 0.5129 0.0391
-0.0049 0.5178 0.0642
0.1031 0.5129 0.0396
