103.0000 120.0000 1.0000
92.0000 166.0000 1.0000
108.0000 208.0000 1.0000
126.0000 224.0000 1.0000
140.0000 232.0000 1.0000
172.0000 246.0000 1.0000
229.0000 262.0000 1.0000
280.0000 267.0000 1.0000
319.0000 261.0000 1.0000
365.0000 248.0000 1.0000
392.0000 233.0000 1.0000
409.0000 224.0000 1.0000
428.0000 209.0000 1.0000
435.0000 201.0000 1.0000
440.0000 191.0000 1.0000
445.0000 160.0000 1.0000
429.0000 121.0000 1.0000
181.0000 134.0000 1.0000
195.0000 126.0000 1.0000
212.0000 124.0000 1.0000
222.0000 123.0000 1.0000
236.0000 121.0000 1.0000
299.0000 123.0000 1.0000
313.0000 122.0000 1.0000
325.0000 127.0000 1.0000
338.0000 125.0000 1.0000
351.0000 132.0000 1.0000
261.0000 173.0000 1.0000
271.0000 172.0000 1.0000
281.0000 174.0000 1.0000
290.0000 181.0000 1.0000
286.0000 187.0000 1.0000
278.0000 194.0000 1.0000
255.0000 190.0000 1.0000
248.0000 182.0000 1.0000
250.0000 173.0000 1.0000
201.0000 162.0000 1.0000
196.0000 176.0000 1.0000
203.0000 185.0000 1.0000
213.0000 186.0000 1.0000
222.0000 170.0000 1.0000
202.0000 161.0000 1.0000
327.0000 184.0000 1.0000
313.0000 174.0000 1.0000
328.0000 161.0000 1.0000
346.0000 175.0000 1.0000
341.0000 184.0000 1.0000
329.0000 185.0000 1.0000
246.0000 213.0000 1.0000
264.0000 209.0000 1.0000
282.0000 212.0000 1.0000
289.0000 213.0000 1.0000
299.0000 213.0000 1.0000
305.0000 216.0000 1.0000
288.0000 228.0000 1.0000
280.0000 231.0000 1.0000
279.0000 228.0000 1.0000
266.0000 229.0000 1.0000
249.0000 229.0000 1.0000
229.0000 214.0000 1.0000
295.0000 218.0000 1.0000
288.0000 213.0000 1.0000
267.0000 210.0000 1.0000
254.0000 213.0000 1.0000
236.0000 216.0000 1.0000
248.0000 225.0000 1.0000
265.0000 226.0000 1.0000
287.0000 225.0000 1.0000
