-0.8000 0.1749 -0.8557
-0.8403 0.3460 -0.8711
-0.8352 0.4769 -0.8871
-0.7144 0.6581 -0.8835
-0.5131 0.7638 -0.8138
-0.2816 0.7789 -0.6631
-0.0702 0.7638 -0.4768
0.1462 0.6077 -0.2967
0.2217 0.4467 -0.2114
0.2217 0.2957 -0.3033
0.1764 0.2202 -0.4839
0.1261 0.1447 -0.6684
0.1160 0.1346 -0.8159
0.4482 0.1799 -0.8807
0.8407 0.4038 -0.8824
0.8316 0.1099 -0.8666
0.8000 -0.1749 -0.8501
-0.6613 -0.2039 -0.0738
-0.4997 -0.2849 0.0527
-0.3164 -0.2928 0.1346
-0.1399 -0.2441 0.1808
0.0074 -0.1515 0.1918
-0.5956 -0.1368 0.1986
-0.4821 -0.2983 0.1886
-0.2993 -0.3634 0.1452
-0.1008 -0.2944 0.0664
0.0460 -0.1368 -0.0619
-0.6314 0.1455 0.1415
-0.4577 0.5525 0.2018
-0.2921 0.9709 0.2893
-0.1323 1.3738 0.2894
-0.2354 1.2593 0.0735
-0.1608 1.2308 0.1024
-0.0690 1.2019 0.1173
0.0393 1.1190 0.1016
0.1776 1.0674 0.0713
-0.4588 -0.1099 -0.0058
-0.3764 -0.1642 0.0834
-0.2668 -0.1533 0.0888
-0.1397 -0.0773 0.0487
-0.2660 -0.0874 0.0764
-0.3761 -0.0911 0.0570
-0.4578 -0.0461 0.0574
-0.3808 -0.1328 0.0997
-0.2926 -0.1456 0.0966
-0.1972 -0.1032 0.0058
-0.2812 -0.0940 0.0661
-0.3684 -0.0777 0.0849
-0.5163 0.3125 -0.1399
-0.2662 0.7053 0.0106
0.0646 1.1411 0.1013
0.1332 1.2328 0.1112
0.2209 1.2820 0.1024
0.2599 1.1020 0.0080
-0.0965 0.6054 -0.1486
0.1371 0.8338 -0.0193
-0.0851 1.0508 0.0498
-0.2095 1.0375 0.0609
-0.3011 0.9428 0.0515
-0.4596 0.5286 -0.0166
-0.5564 0.3891 -0.1429
-0.1715 1.2182 0.0396
-0.0765 1.3149 0.0642
0.0065 1.3486 0.0391
-0.1068 0.7274 -0.1528
-0.0491 1.2562 0.0391
-0.1969 1.2703 0.0642
-0.3032 1.1913 0.0396
