-0.8000 0.0291 -0.8557
-0.8364 0.1745 -0.8711
-0.8364 0.2618 -0.8871
-0.7709 0.5600 -0.8835
-0.5673 0.7782 -0.8138
-0.3782 0.8655 -0.6631
-0.1527 0.8945 -0.4768
0.0800 0.8945 -0.2967
0.2909 0.8800 -0.2114
0.5745 0.7782 -0.3033
0.8145 0.5891 -0.4839
0.8582 0.3345 -0.6684
0.8727 0.2473 -0.8159
0.8509 0.1745 -0.8807
0.7927 -0.0291 -0.8824
0.8218 -0.0145 -0.8666
0.8000 -0.0291 -0.8501
-0.1164 0.1091 -0.0738
-0.1455 -0.0145 0.0527
-0.2327 -0.0655 0.1346
-0.2982 -0.0727 0.1808
-0.4655 0.1236 0.1918
0.1673 0.1091 0.1986
0.3239 -0.0343 0.1886
0.4285 -0.0335 0.1452
0.5192 0.0232 0.0664
0.5236 0.2182 -0.0619
-0.0873 0.3491 0.1415
-0.0800 0.4145 0.2018
-0.0509 0.4291 0.2893
0.0218 0.4218 0.2894
0.0945 0.4073 0.0735
0.1018 0.3345 0.1024
0.0000 0.3127 0.1173
-0.0364 0.3273 0.1016
-0.0582 0.3418 0.0713
-0.3273 0.3273 -0.0058
-0.2982 0.2982 0.0834
-0.2545 0.3055 0.0888
-0.2109 0.3855 0.0487
-0.2836 0.4145 0.0764
-0.3345 0.3491 0.0570
0.2545 0.4218 0.0574
0.2764 0.2982 0.0997
0.3127 0.2836 0.0966
0.3636 0.2909 0.0058
0.3345 0.3927 0.0661
0.2618 0.4145 0.0849
-0.2255 0.5164 -0.1399
-0.1600 0.5185 0.0106
-0.0727 0.5389 0.1013
0.0436 0.5280 0.1112
0.1164 0.5222 0.1024
0.1818 0.5062 0.0080
0.2618 0.5164 -0.1486
0.3127 0.5123 -0.0193
0.2473 0.6016 0.0498
0.0364 0.6257 0.0609
-0.1673 0.6214 0.0515
-0.2473 0.5827 -0.0166
-0.1236 0.5527 -0.1429
-0.1251 0.5709 0.0396
0.0218 0.5055 0.0642
0.1600 0.5564 0.0391
0.1745 0.5818 -0.1528
0.1338 0.5618 0.0391
0.0218 0.5145 0.0642
-0.0954 0.5873 0.0396
