10 26 11
26 10 46
20 17 21
17 20 19
0 69 68
69 0 1
1 0 21
2 69 1
69 2 70
2 1 21
2 41 3
41 2 21
2 3 70
36 38 41
38 36 37
70 4 71
4 70 3
4 3 41
41 21 36
71 4 5
5 4 59
37 21 17
21 37 36
71 5 6
6 5 58
40 59 4
59 40 48
73 71 6
71 73 72
6 7 73
7 6 57
26 12 11
12 26 13
7 8 73
8 7 56
75 8 9
8 75 74
73 8 74
9 8 56
53 64 65
64 53 63
75 9 10
10 9 55
75 10 11
29 35 30
35 29 28
75 11 12
34 30 35
30 34 33
12 76 75
76 12 15
12 13 15
17 18 22
18 17 19
13 14 15
14 13 26
79 14 24
14 79 16
15 14 16
15 16 76
22 18 23
22 33 17
33 22 32
22 23 44
20 77 78
77 20 0
18 19 78
21 0 20
78 19 20
79 23 78
23 79 24
24 26 45
26 24 25
45 23 24
23 45 44
25 14 26
14 25 24
23 18 78
16 79 76
26 46 45
22 44 43
17 27 38
27 17 34
62 30 51
30 62 29
48 39 49
39 48 40
27 28 39
28 27 35
67 58 60
58 67 57
49 61 48
61 49 60
29 62 50
28 29 50
32 30 33
30 32 31
31 52 51
52 31 42
43 32 22
32 43 47
55 56 54
56 55 9
30 31 51
42 32 47
32 42 31
17 33 34
27 34 35
39 38 27
38 39 40
4 41 40
37 17 38
38 40 41
39 28 49
42 54 53
54 42 55
46 10 55
44 46 43
46 44 45
43 46 47
55 42 47
47 46 55
58 5 59
49 28 50
49 50 60
57 6 58
57 56 7
56 57 64
53 65 52
51 52 62
52 42 53
53 54 63
54 56 63
52 65 66
62 52 66
66 50 62
50 66 67
58 61 60
61 58 59
59 48 61
60 50 67
66 65 67
63 56 64
64 57 65
65 57 67
77 0 68
