-0.8000 -0.0545 -0.8557
-0.7481 0.0641 -0.8711
-0.7200 0.1253 -0.8871
-0.8106 0.1902 -0.8835
-0.8437 0.3516 -0.8138
-0.7664 0.5384 -0.6631
-0.5751 0.7003 -0.4768
-0.3102 0.7346 -0.2967
-0.1140 0.7101 -0.2114
-0.0748 0.7003 -0.3033
0.5298 1.2159 -0.4839
0.6256 1.0693 -0.6684
0.6568 0.8450 -0.8159
0.6477 0.6080 -0.8807
0.6786 0.4109 -0.8824
0.7493 0.2354 -0.8666
0.8000 0.0545 -0.8501
-0.6389 0.1902 -0.0738
-0.5947 0.1411 0.0527
-0.4868 0.1509 0.1346
-0.4329 0.1411 0.1808
-0.4427 0.2098 0.1918
0.4567 -0.0978 0.1986
0.3520 -0.2285 0.1886
0.2258 -0.2918 0.1452
0.1776 -0.3019 0.0664
0.4742 0.0102 -0.0619
0.3259 -0.0812 0.1415
0.3246 0.1753 0.2018
-0.0552 0.3324 0.2893
0.2440 0.6513 0.2894
0.0675 0.7052 0.0735
0.0331 0.7003 0.1024
0.1901 0.4452 0.1173
0.2293 0.2736 0.1016
0.3569 0.3766 0.0713
-0.4917 0.4207 -0.0058
-0.5653 0.3913 0.0834
-0.5064 0.3471 0.0888
-0.4574 0.3275 0.0487
-0.4721 0.4256 0.0764
-0.4427 0.3913 0.0570
0.3865 -0.0275 0.0574
0.3835 0.0264 0.0997
0.1581 -0.0041 0.0966
-0.2547 -0.0423 0.0058
0.1081 -0.0587 0.0661
0.3202 -0.0670 0.0849
-0.4672 0.4551 -0.1399
-0.3887 0.4734 0.0106
-0.3200 0.4815 0.1013
-0.2268 0.4742 0.1112
-0.2121 0.4752 0.1024
-0.1827 0.4820 0.0080
-0.1778 0.5973 -0.1486
-0.3200 0.5662 -0.0193
-0.3887 0.5641 0.0498
-0.4427 0.5535 0.0609
-0.4917 0.5488 0.0515
-0.5742 0.5355 -0.0166
-0.4427 0.4551 -0.1429
-0.3299 0.5041 0.0396
-0.2749 0.5286 0.0642
-0.1994 0.5066 0.0391
-0.2268 0.5728 -0.1528
-0.2418 0.5274 0.0391
-0.3126 0.5458 0.0642
-0.3652 0.5139 0.0396
