0 65 18
65 0 56
2 17 37
17 2 1
0 57 56
57 0 1
1 0 17
57 1 58
1 2 58
58 3 4
3 58 2
3 2 37
37 17 36
58 4 59
4 3 37
59 4 5
5 4 38
59 5 61
5 6 61
6 5 52
17 41 36
41 17 18
59 61 60
6 7 61
7 6 54
5 38 52
61 7 8
8 7 55
9 62 8
62 9 63
61 8 62
9 8 48
25 44 24
44 25 26
63 9 10
10 9 46
22 44 43
44 22 23
63 10 11
11 10 45
14 12 45
12 14 13
63 11 12
12 11 45
14 45 15
63 12 13
63 13 14
45 10 46
63 14 15
40 21 35
21 40 20
15 64 63
64 15 16
16 15 26
17 0 18
20 41 19
41 20 40
27 34 35
34 27 33
34 40 35
40 34 39
18 19 41
19 18 66
66 18 65
31 29 30
29 31 32
20 19 66
22 28 21
28 22 29
21 20 66
21 66 22
22 66 23
48 42 47
42 48 31
29 43 30
43 29 22
67 25 23
25 67 26
67 23 66
23 24 44
24 23 25
16 26 67
26 15 45
21 28 27
54 50 55
50 54 51
21 27 35
29 32 28
27 28 33
42 31 30
48 47 9
8 55 48
28 32 33
32 31 49
49 55 50
55 49 48
33 32 50
33 51 52
51 33 50
34 33 52
40 37 36
37 40 38
38 40 39
38 4 37
39 34 52
52 38 39
40 36 41
42 30 43
45 44 26
44 45 42
42 43 44
42 45 47
47 45 46
46 9 47
31 48 49
32 49 50
51 54 53
52 53 6
53 52 51
6 53 54
7 54 55
64 16 67
