-0.8000 0.0000 -0.8557
-0.8480 0.1478 -0.8711
-0.8554 0.2513 -0.8871
-0.8296 0.4323 -0.8835
-0.7446 0.5838 -0.8138
-0.6633 0.7390 -0.6631
-0.4453 0.8536 -0.4768
-0.2346 0.9423 -0.2967
0.0277 0.9533 -0.2114
0.3381 0.8942 -0.3033
0.6152 0.7945 -0.4839
0.7372 0.6282 -0.6684
0.8406 0.4434 -0.8159
0.8924 0.3067 -0.8807
0.8739 0.1737 -0.8824
0.8628 0.0998 -0.8666
0.8000 0.0000 -0.8501
-0.5155 0.0443 -0.0738
-0.4046 0.0037 0.0527
-0.2531 -0.0185 0.1346
-0.1349 0.0185 0.1808
-0.0055 0.1219 0.1918
0.2032 -0.0038 0.1986
0.3190 -0.0388 0.1886
0.4398 -0.0254 0.1452
0.5429 0.0439 0.0664
0.5969 0.1523 -0.0619
0.0499 0.3178 0.1415
0.0905 0.3436 0.2018
0.1164 0.3806 0.2893
0.1164 0.4102 0.2894
0.0684 0.4656 0.0735
-0.0129 0.4804 0.1024
-0.0758 0.4471 0.1173
-0.0647 0.3436 0.1016
0.0129 0.3141 0.0713
-0.3233 0.3178 -0.0058
-0.3344 0.3917 0.0834
-0.2827 0.4065 0.0888
-0.2236 0.3621 0.0487
-0.2642 0.3067 0.0764
-0.3159 0.2993 0.0570
0.3566 0.3991 0.0574
0.2531 0.3806 0.0997
0.2716 0.3104 0.0966
0.3195 0.3008 0.0058
0.3603 0.3067 0.0661
0.3677 0.3584 0.0849
-0.2236 0.6245 -0.1399
-0.2014 0.6042 0.0106
-0.1386 0.5909 0.1013
-0.0018 0.6123 0.1112
0.1460 0.5875 0.1024
0.1903 0.5776 0.0080
0.2309 0.6060 -0.1486
0.2199 0.6337 -0.0193
0.1386 0.6962 0.0498
0.0018 0.7191 0.0609
-0.0794 0.7049 0.0515
-0.1644 0.6856 -0.0166
-0.2125 0.6319 -0.1429
-0.0964 0.6337 0.0396
0.0011 0.6522 0.0642
0.1230 0.6485 0.0391
0.2162 0.6540 -0.1528
0.1337 0.6975 0.0391
0.0029 0.6993 0.0642
-0.1177 0.6734 0.0396
