33.1510 57.1260 1.0000
43.7420 81.3030 1.0000
49.4690 93.7650 1.0000
31.0000 107.0000 1.0000
24.2360 139.9080 1.0000
40.0000 178.0000 1.0000
79.0000 211.0000 1.0000
133.0000 218.0000 1.0000
173.0000 213.0000 1.0000
181.0000 211.0000 1.0000
304.2660 316.1140 1.0000
323.7900 286.2170 1.0000
330.1550 240.4960 1.0000
328.2910 192.1900 1.0000
334.6030 152.0040 1.0000
349.0150 116.2110 1.0000
359.3440 79.3300 1.0000
66.0000 107.0000 1.0000
75.0000 97.0000 1.0000
97.0000 99.0000 1.0000
108.0000 97.0000 1.0000
106.0000 111.0000 1.0000
289.3460 48.2820 1.0000
268.0120 21.6390 1.0000
242.2790 8.7380 1.0000
232.4460 6.6710 1.0000
292.9170 70.3050 1.0000
262.6970 51.6720 1.0000
262.4310 103.9700 1.0000
185.0000 136.0000 1.0000
246.0000 201.0000 1.0000
210.0000 212.0000 1.0000
203.0000 211.0000 1.0000
235.0000 159.0000 1.0000
243.0000 124.0000 1.0000
269.0000 145.0000 1.0000
96.0000 154.0000 1.0000
81.0000 148.0000 1.0000
93.0000 139.0000 1.0000
103.0000 135.0000 1.0000
100.0000 155.0000 1.0000
106.0000 148.0000 1.0000
275.0360 62.6170 1.0000
274.4390 73.6100 1.0000
228.4730 67.3930 1.0000
144.3290 59.6000 1.0000
218.2840 56.2550 1.0000
261.5330 54.5720 1.0000
101.0000 161.0000 1.0000
117.0000 157.0000 1.0000
131.0000 158.0000 1.0000
150.0000 155.0000 1.0000
153.0000 154.0000 1.0000
159.0000 156.0000 1.0000
160.0000 190.0000 1.0000
131.0000 191.0000 1.0000
117.0000 191.0000 1.0000
106.0000 188.0000 1.0000
96.0000 186.0000 1.0000
79.1870 182.8230 1.0000
106.0000 161.0000 1.0000
141.0000 167.0000 1.0000
153.0000 169.0000 1.0000
170.0000 163.0000 1.0000
150.0000 185.0000 1.0000
134.0000 180.0000 1.0000
121.0000 183.0000 1.0000
111.0000 175.0000 1.0000
