133.0000 230.0000 1.0000
120.0000 270.0000 1.0000
118.0000 298.0000 1.0000
125.0000 347.0000 1.0000
148.0000 388.0000 1.0000
170.0000 430.0000 1.0000
229.0000 461.0000 1.0000
286.0000 485.0000 1.0000
357.0000 488.0000 1.0000
441.0000 472.0000 1.0000
516.0000 445.0000 1.0000
549.0000 400.0000 1.0000
577.0000 350.0000 1.0000
591.0000 313.0000 1.0000
586.0000 277.0000 1.0000
583.0000 257.0000 1.0000
566.0000 230.0000 1.0000
210.0000 242.0000 1.0000
240.0000 231.0000 1.0000
281.0000 225.0000 1.0000
313.0000 235.0000 1.0000
348.0000 263.0000 1.0000
404.4990 228.9630 1.0000
435.8210 219.4950 1.0000
468.5090 223.1220 1.0000
496.4220 241.8850 1.0000
511.0240 271.2090 1.0000
363.0000 316.0000 1.0000
374.0000 323.0000 1.0000
381.0000 333.0000 1.0000
381.0000 341.0000 1.0000
368.0000 356.0000 1.0000
346.0000 360.0000 1.0000
329.0000 351.0000 1.0000
332.0000 323.0000 1.0000
353.0000 315.0000 1.0000
262.0000 316.0000 1.0000
259.0000 336.0000 1.0000
273.0000 340.0000 1.0000
289.0000 328.0000 1.0000
278.0000 313.0000 1.0000
264.0000 311.0000 1.0000
446.0000 338.0000 1.0000
418.0000 333.0000 1.0000
423.0000 314.0000 1.0000
435.9560 311.4030 1.0000
447.0000 313.0000 1.0000
449.0000 327.0000 1.0000
289.0000 399.0000 1.0000
295.0000 380.0000 1.0000
312.0000 371.0000 1.0000
349.0000 378.0000 1.0000
389.0000 371.0000 1.0000
401.0000 377.0000 1.0000
412.0000 394.0000 1.0000
409.0000 408.0000 1.0000
387.0000 431.0000 1.0000
350.0000 437.0000 1.0000
328.0000 434.0000 1.0000
305.0000 425.0000 1.0000
292.0000 401.0000 1.0000
333.0000 380.0000 1.0000
349.0000 381.0000 1.0000
378.0000 379.0000 1.0000
408.0000 407.0000 1.0000
390.0000 432.0000 1.0000
351.0000 432.0000 1.0000
309.0000 423.0000 1.0000
