-0.8000 -0.0016 -0.8557
-0.8812 0.2109 -0.8711
-0.9031 0.4453 -0.8871
-0.8375 0.6422 -0.8835
-0.7500 0.8047 -0.8138
-0.5906 0.9859 -0.6631
-0.4187 1.0828 -0.4768
-0.2187 1.1516 -0.2967
0.0031 1.1797 -0.2114
0.2313 1.1641 -0.3033
0.4188 1.0891 -0.4839
0.5938 0.9797 -0.6684
0.7375 0.8297 -0.8159
0.8375 0.6359 -0.8807
0.8844 0.4547 -0.8824
0.8812 0.2484 -0.8666
0.8000 0.0016 -0.8501
-0.5719 -0.0328 -0.0738
-0.5062 -0.0328 0.0527
-0.4375 -0.0328 0.1346
-0.3844 -0.0328 0.1808
-0.3188 -0.0328 0.1918
0.1406 -0.0516 0.1986
0.2031 -0.0516 0.1886
0.2781 -0.0516 0.1452
0.3438 -0.0516 0.0664
0.4313 -0.0297 -0.0619
-0.0594 0.3828 0.1415
-0.0719 0.4516 0.2018
-0.0813 0.5047 0.2893
-0.0844 0.5547 0.2894
-0.1438 0.5953 0.0735
-0.1125 0.6172 0.1024
-0.0781 0.6203 0.1173
-0.0312 0.6203 0.1016
0.0125 0.6203 0.0713
-0.6375 0.2391 -0.0058
-0.5312 0.1172 0.0834
-0.3812 0.1078 0.0888
-0.2750 0.2266 0.0487
-0.3531 0.3641 0.0764
-0.5281 0.3641 0.0570
0.1187 0.2234 0.0574
0.2031 0.1234 0.0997
0.3812 0.1141 0.0966
0.4563 0.2484 0.0058
0.3656 0.3734 0.0661
0.2125 0.3859 0.0849
-0.1906 0.8734 -0.1399
-0.1688 0.8234 0.0106
-0.1031 0.7766 0.1013
-0.0281 0.7766 0.1112
0.0469 0.7891 0.1024
0.0969 0.8234 0.0080
0.1344 0.8766 -0.1486
0.0969 0.9359 -0.0193
0.0156 0.9734 0.0498
-0.0437 0.9797 0.0609
-0.0969 0.9672 0.0515
-0.1781 0.9172 -0.0166
-0.1875 0.8734 -0.1429
-0.1250 0.8047 0.0396
-0.0375 0.7922 0.0642
0.0375 0.8016 0.0391
0.1156 0.8641 -0.1528
0.0594 0.9453 0.0391
-0.0375 0.9703 0.0642
-0.1312 0.9453 0.0396
