323.8135 189.6446 1.0000
306.3191 220.7458 1.0000
298.5438 254.7627 1.0000
298.5438 293.6391 1.0000
311.1786 326.6841 1.0000
340.3360 367.5043 1.0000
375.3248 392.7740 1.0000
419.0607 409.2965 1.0000
461.8248 418.0437 1.0000
522.0833 411.2403 1.0000
572.6227 394.7178 1.0000
611.4991 361.6728 1.0000
633.8530 322.7964 1.0000
644.5441 293.6391 1.0000
646.4879 258.6503 1.0000
639.6845 226.5772 1.0000
627.0497 197.4199 1.0000
369.4933 187.7008 1.0000
383.1000 187.7008 1.0000
397.6787 187.7008 1.0000
409.3416 187.7008 1.0000
424.8922 188.6727 1.0000
506.5327 188.6727 1.0000
523.0552 187.7008 1.0000
534.7181 186.7289 1.0000
549.2968 185.7570 1.0000
562.9035 187.7008 1.0000
457.9372 238.2402 1.0000
445.3023 256.7065 1.0000
436.5551 275.1728 1.0000
429.7518 289.7514 1.0000
420.0327 304.3301 1.0000
436.5551 311.1335 1.0000
455.9934 315.0211 1.0000
477.3754 310.1616 1.0000
495.8417 304.3301 1.0000
368.5214 211.9986 1.0000
420.0327 209.0829 1.0000
431.6956 238.2402 1.0000
419.0607 265.4537 1.0000
364.6337 263.5099 1.0000
356.8585 237.2683 1.0000
497.7855 239.2121 1.0000
511.3923 207.1390 1.0000
559.0159 207.1390 1.0000
571.6507 239.2121 1.0000
559.9878 265.4537 1.0000
507.5046 266.4256 1.0000
473.4878 361.6728 1.0000
478.3473 350.9818 1.0000
490.0102 350.9818 1.0000
499.7293 350.0099 1.0000
509.4485 348.0661 1.0000
520.1395 348.0661 1.0000
525.9709 359.7290 1.0000
520.1395 371.3920 1.0000
512.3642 371.3920 1.0000
502.6451 371.3920 1.0000
491.9541 370.4200 1.0000
480.2911 371.3920 1.0000
473.4878 362.6448 1.0000
480.2911 350.0099 1.0000
500.7013 349.0380 1.0000
520.1395 349.0380 1.0000
526.9428 358.7571 1.0000
520.1395 369.4481 1.0000
500.7013 371.3920 1.0000
478.3473 372.3639 1.0000
